80721
-87036
27875
-56091
48986
-30627
-33044
64087
11929
-73706
-10413
-53871
-87403
33175
75165
-78899
63554
65244
-35511
5449
65470
-25177
44048
-25435
83075
52502
-17146
-30937
48344
-46060
-5044
-81473
24496
13292
-4959
98124
-95651
-71843
-75007
-91055
5852
80505
-11799
-80300
47245
42653
4987
27309
-19289
64854
-6523
50936
-71537
-2152
82101
79179
-67723
5566
92783
-21628
-97496
-52015
-25474
-24781
13269
-46184
-53062
-17446
92261
-15358
-76727
69173
46497
11691
-16269
35378
-15611
39573
-58161
33338
-97385
90176
-41955
-90175
40391
-5514
78177
703
-54157
-25902
-5421
13485
91107
-3216
-91429
51746
-43915
39405
-6433
3566
-79501
52250
-3215
-41426
34584
17309
80664
61734
5231
-60712
-11212
-82257
-97476
-15620
-51674
-70727
3647
23819
33523
-52890
-93620
-49679
-25392
97638
51807
35584
-27846
-37748
-48254
-60860
-88445
-94253
-30347
63648
61039
53423
51349
-85352
67974
47137
53844
16580
-49981
6518
45041
-83500
-94444
-73403
49756
-52022
-22517
84210
-53976
55288
-10071
70788
44876
29386
-59865
-74089
-10870
-65508
-60943
74601
-67253
63995
18876
-99329
-74345
-19471
-36534
-67098
16589
86494
22296
53084
69676
-16616
-93338
78941
-57325
43215
-12416
75489
33592
-28184
83929
11470
33078
-7661
-28502
-57931
48111
-81471
59060
-55736
1632
-35425
-1172
14182
92012
-6135
-46449
98235
90758
-65138
85508
6239
-73477
-79471
40931
-49258
44924
49951
78270
-98749
73025
-16029
-63486
-51704
46107
18695
-84834
69409
31191
-48506
-79755
52761
7485
-67249
21999
-85575
19753
-30285
-68233
10871
-56541
99521
-69210
-28885
-45320
56255
-78438
-2520
-31418
-20459
-82495
56030
-46383
-77922
27105
-71320
-50696
-69335
75799
-89834
-85537
-70054
27532
-89373
-35730
-68077
90129
-54185
62241
-5806
-58890
-44659
86832
-7157
16841
22665
23149
10194
-31439
-9494
-65053
-21249
-60860
62739
-5163
95556
80023
-4070
78204
62933
-42718
15090
56377
-4437
-46554
-47471
-14970
43629
-4171
-87560
95958
98707
-55793
-5974
-29429
-8303
34695
-44050
77024
20427
-52740
-8926
27415
78031
-43957
-16146
-59096
-14534
-60602
-95163
96089
-61020
66190
58000
-55440
38771
-91198
12621
-864
12566
-48002
70690
31784
-21161
-31815
-29627
-17552
51994
-34743
-663
27429
-78719
-67638
-27461
-84456
32957
-12279
-6872
60329
-18934
-615
91454
-47181
-61750
1302
22729
98437
14947
61308
-46215
25643
46657
-56603
15196
64002
-28689
69046
-73813
93217
53199
-529
-81322
48756
-68972
52681
-10262
-69429
86928
59615
54700
68136
92804
-25742
89722
-41674
17667
40558
11835
-96446
9630
-3244
-12805
83055
21312
99418
84208
81111
2682
70717
50703
44961
86170
42886
-61432
-36544
-16082
82153
-36894
80982
27033
-54019
-28888
23929
55130
94723
-33147
-78086
-65645
-23404
-38653
-35760
62121
90684
-93731
38479
-61270
22460
39557
-39808
87742
15253
45742
75481
-1959
99574
-53759
-92954
-57002
-7180
-81658
75725
-22113
-7192
-7108
-53698
78666
62839
78461
39669
66537
-23171
-78914
77604
46455
76790
85883
-17188
28865
66592
-4848
-49824
35118
-87197
-14802
4838
80443
-49181
93800
26485
-61459
97884
92964
-20872
-17701
30134
71969
73996
-99453
51879
40423
14245
10536
75379
-86059
-90858
94041
36198
-41508
-492
49232
-9447
-36128
84477
-97434
96369
82249
93405
87665
40253
-62730
58768
-83636
-41260
10798
-55652
-27931
18586
-17004
-29531
86140
83543
22530
-95981
-61488
70820
33614
35520
36214
18931
55535
-11538
-63250
-40973
52994
9612
42754
-34046
-86580
43319
-1834
-37887
84365
-38374
1376
-9544
40093
88902
33972
39498
-1115
-87300
81089
48086
-49510
2614
-50988
-54582
12977
-21432
-30274
-40873
90294
-45612
-87385
-25544
61296
78653
5072
8419
-85056
46387
33116
66320
-4223
-31758
-1892
-41687
-99181
48723
69910
-70378
-19936
31753
6387
-42001
-82661
14354
17726
54712
-79482
60650
-47484
76659
22731
41950
47553
-34527
87234
8486
-78398
83649
-82769
46281
-19188
10488
5567
-14289
16858
-27218
1414
55578
21124
3225
53398
-24974
-31664
25869
-57318
-87747
47412
-51029
-53871
17811
-50492
82865
40739
-37533
63393
-21208
-7021
-18845
-88352
74042
24541
47178
90531
84954
-15294
-53365
53519
-97333
89278
38823
-94692
-70854
69382
-81730
19866
-78387
30963
-70596
-98701
17173
-12104
48981
-37118
-37697
-43217
77764
11741
46450
44072
73579
24594
-72589
-29754
1259
86940
-98564
79898
-43383
-67518
-2948
-33850
50519
-34376
76518
-61376
-63259
90943
-37746
-95335
-21288
62761
19033
55319
6267
-79291
12811
68788
54835
26437
-26785
-67969
95892
-52843
29765
-3466
50997
-81493
38018
93550
-5113
38691
50483
-82756
96160
-6875
-38734
75713
-36422
7792
-27289
1087
-31434
40989
-52082
-34820
-14165
60449
-9323
-55215
-20337
7277
-17358
-46151
-6390
48962
-67983
84630
-85141
82667
-8449
49394
-60059
-3963
51883
78172
34577
-91067
-57462
66164
-21779
97927
6215
33672
-15664
-67946
548
-94003
-69216
52076
3747
-74012
-85215
67162
-62538
66080
93869
-7489
-83038
90728
-82566
82954
69677
-36193
-16252
59982
-60755
42708
48014
-44731
19912
5318
19520
-78545
-10076
-72714
-90413
69774
58843
80437
-55020
16058
36749
45256
22336
-50017
-110
-14559
-9587
81476
84732
51180
73329
-45447
-82644
-36691
-47749
58545
-53589
-81268
-1916
-18326
-9094
-85498
10141
79832
30162
26424
60971
-57674
78566
-4449
152
26809
-29649
26524
80689
45367
85003
-33967
-91896
-80794
22305
45552
-40689
-59460
53899
-6952
87338
82960
57642
77164
43552
69202
34348
10390
5671
57233
80323
77340
-47536
-20041
27567
30984
-8590
-53590
-75908
-62902
-91618
-25843
8212
-87315
-22923
95190
-62659
-4504
42236
-928
11093
-57628
99657
35051
-74833
5267
-1829
-60582
-16853
-19261
-34608
-39878
85109
-43973
-91281
98055
74634
2841
38191
89650
-17330
29268
-72549
64409
44540
98015
25887
-34996
-40656
-88868
-42253
-28353
79799
15560
-8726
17944
-86730
52960
-30927
-61157
-68719
-88674
-84
-56377
-93833
43045
-81856
-67957
-34599
-69410
81461
-70301
-62256
-672
73524
-3886
-36749
15613
-44792
-87596
48947
54515
98946
-55147
57650
30006
3339
52370
24070
64758
62308
-66733
76010
2531
-57495
25704
15709
-74559
-64907
-82693
84322
53817
-38213
-21098
67277
52641
-85797
-28123
-52792
74407
-42390
-40908
-71289
6782
-6702
73180
42681
32493
25235
2873
4023
50529
-49796
-1740
75569
8001
-21477
25629
-84680
-35735
75965
96366
-40116
-91807
29133
-16868
-50891
-30602
43323
-68747
-85334
10416
-44655
56601
-30109
-22514
-66686
-21392
82247
-50763
55843
65062
-13696
50260
-2479
-17908
-30813
-62087
-93073
17317
-75216
62092
-81413
8518
72608
-21596
-72845
-17120
39188
-61052
-43605
-73515
17438
-43595
46753
-19952
25779
19622
-56699
82154
-96694
-6482
-73729
25296
59721
93827
-96403
46114
68775
-7332
-83912
-38848
-87196
-87161
41343
-74491
-93707
99907
-21883
-57891
-26369
-40617
37382
-22656
31119
-23239
-10592
-93969
39740
-96471
52058
-69076
-83266
88349
-71113
-24918
27691
-65990
-77970
42106
-62000
32065
-29097
69420
-2267
-19288
-42799
40545
66591
20927
54697
-64524
74932
-67222
82850
-56435
-95032
-50111
-16471
-28368
-35601
61071
84916
40412
13372
-82393
34905
-41584
58306
95285
-59857
-78745
-73664
60221
-65023
77285
-99414
15616
-22860
-13405
78279
2926
69120
28382
50882
-3416
-10387
-33975
-33607
61674
90107
9206
53488
-11322
15909
-15538
-22088
-59932
-52623
75859
32816
4205
65106
-19886
98845
-66422
12471
28677
84778
60231
-58627
-19020
-39766
-18706
-15366
-63846
-81620
-64025
90139
90052
-42012
-63933
97140
-27347
-60236
-43894
20561
-34965
21607
11140
-5093
29911
-14802
33536
-57258
-7641
66753
-59153
68810
-86469
-87321
-60623
63252
43045
77097
-87643
10880
-61411
47051
84516
-38198
20016
20832
-75421
18572
-25066
12705
11538
-73742
85832
-83901
-11764
79493
-18697
-32766
67478
-91936
87903
32502
78951
-54016
-34249
-83995
-48578
38959
-86963
24812
-85961
82128
-99293
44453
14131
63172
-52298
91601
-96200
78795
-20408
88592
-72162
-74224
-42122
-64296
-93591
-78706
-24306
23412
-2654
-75299
-84207
79388
-90734
-89102
-41645
64288
-68405
-92665
96238
-7121
11570
-97315
-51124
-55603
-65849
-45494
-50574
8471
-22359
21495
-21555
92759
-63207
52948
27709
-15906
-99848
-98667
41792
64235
46692
28944
10665
-68128
-90138
-12066
30243
-88280
-9745
67157
83222
50103
78867
21004
-73940
-36061
23467
55659
90356
51603
-20754
10417
94188
-3207
58685
-43066
20790
-72584
43281
1114
26465
84811
-81468
16882
24244
-58245
26761
97473
20509
50460
23076
96680
-14996
17413
-89969
-39428
66981
-1076
-1165
21631
-81671
-9623
-32747
21031
6620
3321
92760
57366
-75746
-50715
-12831
-22359
63812
27671
-63423
-74225
33303
53376
-24612
80641
-28152
-84798
41995
-48593
17218
-81622
-40565
-55935
-22516
34030
-19133
57533
-8031
19404
-40815
-13346
30879
-49695
-69874
16818
11976
-50332
27430
70810
89570
9590
-47645
-20737
-33134
32133
13953
-71986
47847
-87047
96817
-73345
90823
-20677
-58983
93016
-18345
-71174
-22581
15768
-3731
40767
59197
89659
8919
-91241
35898
10872
-7774
17799
-31055
367
26950
28097
-43280
-2292
36948
72039
-60085
40354
-86977
66605
-3171
-39134
-77260
82060
-32923
18717
-83057
-64952
-8234
-61051
40329
85171
58392
98774
-53340
-37504
-71307
-28292
-39783
78107
73530
97265
53265
15257
19795
53644
-19819
-43783
-97799
-33788
-75260
-51745
-64535
-2606
-53319
-89971
19183
36494
-11324
81530
39813
95421
-22007
45911
48228
68189
24897
-18699
-26814
-99825
314
45604
24664
-23260
-78740
96234
-64707
86013
30071
33901
-51104
63218
25327
72169
-68305
66285
-3943
-52935
50214
60823
72585
17431
-26644
-83297
73184
97559
52322
11859
-42104
32336
-13265
-46588
84773
45943
-62590
56173
-94959
-21610
86937
-25793
-99869
-49632
97018
-19966
-8101
29634
-81732
-10925
-48364
61203
37261
-94905
57990
-22679
12398
-66114
-36939
60892
-20311
-60390
52850
74589
17265
36389
22153
-55071
4120
-58248
73621
-17354
15213
64568
-85624
47559
64863
45279
38544
-58333
-22196
3591
34205
68195
44903
45516
57723
-12172
-43604
-73673
36773
-53780
15123
-79392
-93369
-54268
60304
-87194
-62304
-59316
22791
-31725
99434
-34108
62436
-7879
42344
44722
-52820
77120
88601
87058
-32475
30502
-29686
-47005
-66995
-47831
58714
-78790
85855
33832
57856
-84151
-14820
56467
-13303
32035
-90187
78132
-32061
-95257
-22068
-63135
29917
33488
-25669
63137
25274
81386
77996
-83455
-56894
-60108
75124
-31778
59240
14749
56158
48784
58049
46714
-73866
-47947
-33231
39641
52954
62986
-23610
-21489
-12350
39590
-58535
-70387
31165
3808
66973
15744
32091
-48339
42279
-51290
-17926
91685
27696
92799
54908
-62068
38101
36316
-13106
56383
18936
10097
-27519
1738
-18728
19571
78084
69890
93996
-30260
-5575
68679
984
60713
-33649
58949
17848
59544
-94493
-97323
69676
-43921
-67230
-67105
-72687
-12352
11802
-22306
12730
-43447
-19602
21821
78716
-16141
-85245
-64632
93638
13722
70092
66654
86589
-38707
86844
-93544
49016
55511
-30468
1016
-62815
4713
36571
-77834
88671
-68105
52703
-35279
82654
42356
30181
-61153
97097
-49578
23512
38561
-23211
26909
-49533
53106
67736
48013
-93035
-71127
-75280
-61977
-88118
-77386
5787
-93690
9210
-97473
-69880
-34855
35795
-90760
94563
40880
39537
92418
-92146
-87773
23462
-41410
-83547
47299
-47673
-39293
95092
33662
-75414
76872
68391
18985
19977
36542
44795
83489
-32556
8596
-17615
-99398
80550
-92943
38182
-69883
25719
-97745
-81144
-99872
-21602
67365
-979
93227
-8928
9769
-16413
48742
83173
-7442
30889
-88684
-96505
-14106
63527
-26027
-39536
91592
-36800
-3014
-53051
-19299
49403
-27851
47908
53543
86249
-8871
-57038
50293
88333
55480
-72759
-90407
-71447
22322
-66363
-10612
11709
38660
93466
-20238
71745
-1286
11166
-81247
-87239
38522
61952
54451
-14054
-88659
83306
61033
64647
-10361
24187
87148
29020
95255
-10540
-65940
-65502
-41343
5555
-63723
36652
-7335
-97370
-98961
27540
65831
-94425
84370
-88847
98685
82744
95098
-98300
-89197
-34501
-11787
-37020
49947
41375
-39925
77609
81898
-68188
-21580
-47798
7303
2785
66345
67087
-78571
-16889
57717
-43546
76227
-56302
-76100
75207
-72814
3842
17671
-4525
4134
70001
91470
73054
57472
21672
94724
25619
92930
7793
55847
-77903
63205
71414
-79344
-28807
17242
-41069
-39386
-85363
-29441
63703
23093
98897
-84559
84813
65270
11978
33825
-45397
-53446
-17596
-35293
-44161
-25726
-36030
-67294
-25552
95761
-46054
55462
-68685
64309
-33089
59713
-71661
16824
38659
73125
-41267
-20832
85341
63040
96006
44089
-55889
-6798
-54810
-46152
3179
86141
-96820
84755
49488
30487
1916
-13152
-93229
79966
30124
-85524
71150
93939
-22779
25081
17202
-91109
3580
9240
-2548
5107
-90713
-31822
-77959
-54065
52343
-69185
92550
28057
5761
-73064
575
12950
75895
-4934
24553
63344
-21761
20758
-9929
730
-81471
-62613
-86366
-21522
-30294
-75765
11345
-77392
-25828
61361
48755
12441
70272
-56835
58771
13972
5468
-84021
-39891
85226
83680
-33264
-44620
48846
75753
-23545
91240
-30869
90439
5769
-72895
-19120
-44061
-40095
-80281
-33798
-97477
-21783
49768
6517
42565
1038
-96967
-14652
78562
-1177
98541
-98652
-95630
80983
12228
-99578
-58703
38926
33481
-36844
-33548
-21139
99749
53735
-40097
82006
21916
-26299
-97666
93688
19178
30460
139
25737
56753
-40205
67619
-2836
56594
18986
19005
-20332
-34439
54597
-64288
-19364
-83080
-41017
61723
-63476
-15994
-23022
20940
21611
71416
-18775
-42218
38630
-65624
-67850
53774
84620
62123
92844
-77938
-71371
45083
-31340
-40486
8167
21833
-93902
63118
-81167
89104
93831
65556
86522
36775
77420
-95347
15672
-265
46528
-31324
14459
-39337
1688
27305
97257
13969
51940
4045
-7392
92532
65346
-84315
5756
-21776
7323
37547
80592
28918
-86608
-44036
-35232
78508
63403
43662
66432
-35033
48636
74620
-36219
41235
53283
-19641
-48879
-41384
89521
78691
-75596
88612
-27762
5989
27844
-47245
-33818
76840
4980
-100
-4754
14363
-88817
99903
82433
-74871
-86437
65264
16777
-70128
82457
-14464
-81318
42417
-11299
15365
-37532
95156
72001
89543
24311
72388
-28017
76394
70470
-74856
3036
-67325
-98043
-22407
-56372
77917
-9039
-73620
23615
67162
-96121
-18322
-62473
-42997
-90466
64325
33509
-80533
70978
-58522
-88836
-90839
-59505
-66766
53581
3142
19647
-35482
65544
-76730
-31090
15845
-57876
58196
50595
72670
-4608
-20062
-41106
17739
-30775
-73185
45348
80681
11034
-5991
-65042
-36207
-91869
-84222
-20479
27812
59502
-94833
-48886
-78305
-35002
97119
-34588
69759
-62725
-51033
25010
52165
-3391
61854
-89407
-70707
-25184
98951
-62694
60049
-53559
-98979
69341
-34642
95158
34336
40658
-15089
-28621
-63222
-67881
-22580
34214
-93674
-35302
-48374
17859
52312
-71635
48972
-84867
-29005
70979
-31076
-64930
-44708
5241
-18523
-42157
48149
-58219
-9774
-30716
35250
-49393
52063
57044
51844
-39319
-11554
-44362
96687
-85754
11829
54063
6884
46246
94381
-64615
-64417
-6685
5906
69096
72333
9999
80319
69407
-5770
53152
-94272
-81304
32597
-19801
75784
71271
85703
-70597
34333
-70665
-91347
-25505
43376
46029
77699
81644
-30537
-82163
8286
2337
94792
25187
96531
-37427
-82990
74073
-13305
-11200
60760
-47750
-83805
-60429
-22615
65344
-47152
-15469
14904
-64655
33354
91269
19417
31420
-78223
16894
75812
-92773
70323
29001
-30322
-87801
26907
-57755
-40936
52629
-3501
31442
-29688
21589
-20367
8127
30434
-32698
99852
62380
-43270
47488
49892
-18801
55620
-99005
50673
-63120
2605
-96350
85455
-12309
86835
-57673
47349
-98440
-14821
24825
-71945
-37435
-7488
-36355
-97674
-75990
-16765
-14419
93040
36656
-86553
17925
-21647
-10775
-25531
98604
-99206
32444
-4402
16128
-86304
42983
55305
-77884
-20710
49800
-86844
-98534
16264
13177
-47078
-21451
-37825
18906
4884
81062
-12692
-88689
-51788
45330
-41605
-35179
44490
-74626
9755
70620
74072
-95336
-81804
-73364
-36438
49414
50077
-69899
-21995
-92350
5014
-56191
50363
85050
-32155
88563
30854
77153
8588
-43457
-69916
21255
-86392
-89454
-53134
43763
-62019
-85744
31372
-72695
11817
-19100
61838
44387
73422
75027
-62477
-71337
11718
-68289
48259
50837
17412
-17397
-55956
-65814
40657
47437
-8876
-71651
38154
-71863
84381
-3285
3164
29206
83616
75817
-75554
-67038
-79733
-97369
16393
90060
-75797
-81303
69264
-61278
42624
-79063
20862
70188
54296
52009
-97412
-64631
-2311
-92629
-18274
-3850
-3399
32591
-87420
-65034
-50622
18191
-16310
25697
6595
-31635
68349
48111
-56100
-84610
-1400
-55288
42391
16273
-63627
64117
41987
-52955
-75956
-49071
-88732
83584
77506
-8337
-3689
34008
-68515
69570
-48675
67801
2642
63584
-79432
-63075
29524
35624
-81110
-57646
74428
-61999
7899
-42126
15192
-3337
11766
-23339
6429
-99300
-84462
-87292
52930
11098
73508
-49332
63942
-95514
63540
81254
69436
26253
-40669
-70446
-21503
10536
34832
98861
-76617
-24906
-75078
49803
-30353
-90510
89204
-5967
90624
42607
-33102
-10532
54721
-81025
-22338
9553
-32057
-34212
-14409
74006
-16283
-57483
69908
53924
19533
-70663
-59302
31748
73106
-7861
9322
-19285
23346
65869
-61958
47183
-30921
-51238
-64843
-52035
95610
55243
-69945
28601
-90862
-33059
-8831
-23420
-91214
-62087
-18405
-93356
38725
-70273
-42127
32769
7938
72361
-62763
-18566
28100
-57687
-86502
-70316
-67990
75001
33646
97841
-61366
-70281
-52415
-61497
25526
35902
-26237
-87804
30599
-2417
-34068
79301
71546
-87394
-31021
83315
-35616
56671
45136
2013
-38251
63704
-24598
-14953
-14321
-48331
44172
-75518
-47861
1401
-19776
2454
30562
62296
94632
-32762
19154
-33068
25532
70513
49502
16196
10031
11873
-78203
73340
89761
-88112
-2993
72832
-82404
-38901
51747
-62769
56306
30810
42209
-42812
-3765
90164
9043
95611
-19524
-33131
78319
25479
61764
-20262
-24755
-87303
86643
-95938
-18025
92368
80258
-28898
96845
47841
-35700
-21185
68766
11160
98590
77838
11570
-68064
28033
92156
41494
247
-99032
55025
-42570
91062
-99267
-64553
-332
65317
-94528
36397
-53108
57796
-52717
12251
-31277
25238
78795
17987
16847
69165
4025
61194
-47981
-68874
-71481
699
-99099
4116
-85836
53154
29766
-83494
41290
-11620
13209
-31454
-1936
78510
-38836
15112
33738
54455
98280
-89398
7387
-96107
89640
2510
-96578
-7614
85101
29850
-74507
-47180
-93826
-4018
74932
66693
-98720
83485
-21233
54950
-70409
-76760
-19596
42958
-88460
94701
-97753
45283
59221
63872
91209
97118
-252
8587
-24917
51144
67575
94016
79360
42342
15934
86677
-49893
-76042
-38497
-70939
-21923
49654
-46095
99278
-44034
-17058
-49578
-53099
-59696
7261
46040
93711
-50385
45881
-20726
26206
-10117
-39058
70553
61868
-20782
96201
-25029
47388
36270
-1850
5927
50149
61374
-69461
72074
41754
-52351
-68800
67529
37900
53443
-62497
72245
-8085
-70872
87643
-47040
95036
42651
-84514
-99354
-91683
42492
37401
-42088
-93101
69855
-50733
27636
47392
75257
-76371
86935
-75423
-70934
-32545
13997
96705
30461
-96254
-96205
-27413
10135
-8725
47144
-21171
10000
-43474
66161
93615
44743
97215
-93408
-7847
24652
18537
-44607
-28699
5751
-33629
2120
-24655
18488
22511
-4657
14161
-691
-28724
96578
67772
-35250
-76721
15952
70433
38244
94541
38510
-30490
64548
-34212
-91320
-3536
46526
44624
75483
-3087
66822
-69017
11771
-32444
-26368
-56488
65318
-76158
2995
-96706
77301
-1606
-56809
83786
-33364
81019
34523
21273
-18287
-84774
73616
83897
-59294
-67416
-85369
63763
-9442
54665
2806
17844
77182
-93436
-16610
-58853
-2054
79121
-22283
-98955
-61958
-78055
-80372
15942
58030
81836
-55783
-5959
42442
-91332
81423
93460
99872
28410
64
95203
-63626
-47877
67844
39925
36917
-91171
41085
-31773
15111
72698
69016
53330
53974
-78779
69397
-59412
16644
-86349
33657
-40578
-84016
23575
-20258
57964
-13367
42076
-91726
66470
-56387
66367
-15923
-30556
63306
-6709
-16240
54480
-8843
-71679
86488
18632
-7761
-89535
59205
33177
-22571
-24670
65903
-1498
99497
-34432
50524
67449
-31071
-69318
-40037
61018
-64154
82210
96363
